1	0.681398
2	0.781589
3	0.922541
4	1
5	0.710462
6	0.576689
7	0.644136
8	1
9	1
10	0.704596
11	0.584633
12	0.985726
13	0.460219
14	0.740699
15	0.749491
16	0.816618
17	0.922855
18	0.74764
19	1
20	0.68699
21	0.795898
22	0.896791
23	0.761702
24	0.818271
25	0.659546
26	0.738934
27	1
28	0.900629
29	1
30	0.911922
31	1
32	0.885832
33	1
34	1
35	0.815374
36	0.707107
37	0.89384
38	0.777897
39	1
40	0.99838
41	0.931594
42	0.747232
43	0.646661
44	0.741775
45	0.938199
46	0.820225
47	1
48	0.948683
49	0.640184
50	1
51	1
52	0.811599
53	0.561617
54	0.902157
55	0.874157
56	0.755967
57	0.735123
58	0.77143
59	0.631563
60	0.678827
61	1
62	0.619554
63	0.730803
64	0.590018
65	0.764541
66	0.891698
67	0.894427
68	1
69	0.805056
70	0.763328
71	0.803891
72	0.606977
73	0.892213
74	0.937949
75	0.810432
76	0.951399
77	0.64925
78	0.999953
79	0.844764
80	1
81	0.788405
82	0.697898
83	0.712214
84	0.755473
85	0.570203
86	1
87	0.754194
88	1
89	0.804047
90	0.496404
91	0.8808
92	0.639281
93	0.880979
94	0.625199
95	0.629991
96	0.919145
97	0.650077
98	1
99	0.739053
100	0.946773
101	0.83664
102	0.570511
103	0.9612
104	0.638189
105	1
106	0.801704
107	1
108	0.980011
109	0.673604
110	0.830868
111	1
112	0.932005
113	0.743402
114	0.579124
115	0.640131
116	0.631049
117	0.876078
118	1
119	0.519324
120	1
121	0.797694
122	1
123	0.822718
124	0.561413
125	0.556923
126	0.971748
127	1
128	0.59424
129	1
130	0.462961
131	1
132	1
133	1
134	0.978059
135	1
136	0.919425
137	0.994505
138	0.72341
139	1
140	1
141	0.689021
142	1
143	0.989734
144	0.565098
145	0.483806
146	0.99752
147	1
148	0.706204
149	0.899103
150	1
151	0.558836
152	0.816254
153	0.999963
154	0.938907
155	1
156	1
157	0.873497
158	0.767888
159	0.606254
160	0.764508
161	0.924678
162	0.999991
163	0.989425
164	0.83623
165	0.850265
166	1
167	1
168	0.826668
169	1
170	1
171	1
172	1
173	0.943484
174	0.83205
175	0.859891
176	0.646252
177	0.669303
178	0.560626
179	1
180	1
181	0.424715
182	0.900377
183	0.759583
184	0.706731
185	0.931023
186	0.753094
187	1
188	0.743885
189	0.575366
190	0.816723
191	0.510944
192	0.931632
193	0.714122
194	0.703263
195	0.96752
196	0.862629
197	0.919323
198	0.617498
199	0.958768
200	0.674881
201	0.483666
202	1
203	0.797387
204	1
205	1
206	1
207	0.617845
208	1
209	0.999977
210	0.863372
211	1
212	1
213	0.623446
214	0.669965
215	0.699502
216	0.867085
217	1
218	0.992393
219	1
220	1
221	0.711713
222	0.58933
223	0.874058
224	0.755888
225	1
226	1
227	0.916691
228	1
229	1
230	0.75741
231	1
232	0.656185
233	0.532658
234	0.525938
235	0.913009
236	0.617829
237	1
238	1
239	0.549558
240	1
241	1
242	1
243	0.79446
244	0.699644
245	1
246	0.819813
247	0.823508
248	0.896059
249	0.625266
250	0.667255
251	0.902762
252	1
253	0.693891
254	0.781354
255	0.821449
256	0.517302
257	0.980023
258	0.996639
259	0.863001
260	1
261	1
262	0.588313
263	0.750688
264	0.809352
265	0.763663
266	0.974067
267	0.825773
268	0.667486
269	0.780242
270	0.774901
271	0.649159
272	0.510098
273	1
274	0.998846
275	0.788437
276	0.580743
277	0.928477
278	1
279	0.377429
280	0.699997
281	1
282	1
283	0.998732
284	1
285	0.901002
286	0.582999
287	0.922524
288	0.796216
289	0.836193
290	0.708283
291	0.7026
292	0.790775
293	0.600026
294	0.630327
295	0.484645
296	0.725923
297	0.622275
298	0.656398
299	0.555391
300	1
301	0.539123
302	1
303	0.580708
304	1
305	0.59337
306	1
307	0.835306
308	0.607768
309	1
310	1
311	0.683111
312	0.470899
313	0.561159
314	0.539263
315	0.738373
316	0.784995
317	1
318	0.650511
319	1
320	0.785911
321	0.878459
322	0.998674
323	0.834069
324	0.678766
325	0.797318
326	0.495956
327	0.477796
328	0.575349
329	0.796097
330	0.530215
331	0.905631
332	0.523783
333	1
334	0.526896
335	0.928605
336	0.698639
337	0.841586
338	0.758981
339	0.665404
340	0.726371
341	1
342	0.588251
343	0.600957
344	0.727682
345	0.5938
346	0.627162
347	0.615004
348	0.827275
349	1
350	0.806521
351	0.980512
352	1
353	1
354	0.420579
355	1
356	1
357	0.836253
358	1
359	1
360	0.656421
361	0.689536
362	1
363	0.567444
364	1
365	0.823526
366	1
367	1
368	1
369	1
370	0.8
371	0.433527
372	0.74311
373	0.661106
374	0.516788
375	1
376	1
377	0.847064
378	0.606445
379	0.667084
380	0.726421
381	0.631818
382	0.624695
383	0.669903
384	1
385	0.444994
386	0.991763
387	0.56282
388	0.662437
389	0.617656
390	0.936489
391	0.581975
392	0.661835
393	0.421645
394	0.722573
395	0.667881
396	0.585681
397	0.747551
398	0.531703
399	0.462781
400	0.993859
401	0.46067
402	0.727607
403	0.770235
404	0.893976
405	0.82151
406	0.470678
407	0.533092
408	0.926426
409	0.675215
410	1
411	0.719861
412	0.99354
413	0.742393
414	0.941742
415	0.873597
416	0.436147
417	0.40233
418	1
419	0.705694
420	0.792462
421	0.784593
422	0.629577
423	0.788024
424	0.54825
425	0.494434
426	1
427	0.956845
428	0.864888
429	0.485524
430	0.632088
431	0.911059
432	0.564288
433	0.794603
434	0.758689
435	0.46949
436	0.742482
437	0.484145
438	0.629078
439	0.843661
440	0.793569
441	0.676123
442	0.578747
443	0.913812
444	0.896221
445	0.480941
446	0.84788
447	0.553583
448	0.833231
449	0.792914
450	0.445092
451	0.615131
452	0.534425
453	0.716304
454	0.485742
455	0.463778
456	0.466416
457	0.621881
458	0.491018
459	0.428799
460	0.602724
461	0.774576
462	0.794358
463	0.604688
464	0.652457
465	0.574693
466	0.512686
467	0.67721
468	0.577586
469	1
470	0.66692
471	0.814323
472	0.456656
473	0.907304
474	0.538025
475	0.914659
476	0.776814
477	0.94238
478	0.522838
479	0.480995
480	0.615163
481	0.866025
482	0.799057
483	0.547148
484	0.573822
485	0.897524
486	0.523809
487	0.465414
488	0.428494
489	0.595948
490	0.74937
491	0.801141
492	0.919459
493	0.464085
494	0.676316
495	0.722725
496	0.762188
497	0.473684
498	0.419639
499	0.482238
500	0.376383
501	0.617886
502	0.772425
503	0.601925
504	0.450172
505	0.475172
506	0.540095
507	0.455146
508	0.744258
509	0.88495
510	0.826227
511	0.987342
512	0.847517
513	0.73041
514	0.545477
515	0.707107
516	0.955239
517	0.735705
518	0.610803
519	0.997876
520	0.91989
521	0.497025
522	1
523	0.723061
524	0.480295
525	0.707107
526	0.702408
527	0.56921
528	0.841716
529	0.841194
530	0.682318
531	0.982666
532	0.553552
533	0.472485
534	0.476645
535	0.345968
536	0.62231
537	0.518266
538	0.641845
539	0.595401
540	0.64212
541	0.722111
542	0.60204
543	0.542969
544	0.86758
545	0.578711
546	0.599302
547	0.951669
548	0.467309
549	0.874295
550	0.704761
551	0.353229
552	0.547044
553	0.550842
554	0.509649
555	0.608893
556	0.802303
557	0.719562
558	0.994692
559	0.783252
560	0.6651
561	0.49975
562	0.70655
563	0.924624
564	0.795646
565	1
566	0.593862
567	0.316228
568	0.867106
569	0.650962
570	0.937202
571	1
572	0.926368
573	0.837528
574	0.91762
575	0.813337
576	0.738724
577	0.525245
578	0.757528
579	0.548794
580	0.616402
581	0.689307
582	0.70695
583	0.919145
584	1
585	0.913173
586	0.513951
587	0.705636
588	0.416932
589	0.627867
590	0.941236
591	0.747135
592	0.529599
593	0.531202
594	0.794952
595	0.710359
596	0.80989
597	0.673792
598	1
599	0.750847
600	1
601	0.607317
602	0.804348
603	0.698645
604	1
605	0.578593
606	0.483434
607	0.816531
608	0.353814
609	0.92774
610	0.635105
611	0.948683
612	0.914429
613	0.974153
614	0.683612
615	0.658089
616	0.870104
617	0.639121
618	0.603178
619	0.574219
620	0.492451
621	0.578286
622	0.616475
623	0.712697
624	0.570431
625	0.549366
626	0.922194
627	0.532496
628	0.856087
629	0.515463
630	0.474968
631	1
632	0.56986
633	0.707107
634	0.585125
635	0.808558
636	1
637	0.52233
638	0.507797
639	0.454686
640	0.786193
641	0.68457
642	0.394674
643	0.583701
644	0.437766
645	0.600616
646	0.891523
647	0.680416
648	0.433816
649	0.937486
650	0.507377
651	0.969519
652	0.899565
653	0.490458
654	0.509029
655	0.399629
656	1
657	0.66083
658	0.587558
659	0.565572
660	0.555753
661	0.576281
662	0.962608
663	0.535673
664	0.601552
665	0.483776
666	0.429307
667	0.74622
668	0.642657
669	0.536278
670	0.967994
671	0.576275
672	0.727711
673	0.752457
674	0.709401
675	0.989646
676	0.650795
677	0.547653
678	0.906183
679	0.621887
680	0.573476
681	0.920354
682	0.446915
683	0.687656
684	0.586198
685	0.980581
686	0.602268
687	0.927173
688	1
689	0.73461
690	0.681638
691	0.935604
692	0.730287
693	0.537921
694	0.653158
695	0.766422
696	0.988013
697	0.538647
698	0.581503
699	0.404894
700	0.889001
701	0.749283
702	0.840039
703	0.76332
704	0.629513
705	0.667175
706	0.736036
707	0.48414
708	0.562405
709	0.660558
710	0.564752
711	0.537217
712	0.76945
713	1
714	0.637044
715	0.633507
716	0.609661
717	0.555542
718	0.794843
719	0.719502
720	1
721	0.511567
722	0.756093
723	0.81242
724	0.705244
725	0.82157
726	0.848528
727	0.422071
728	0.879151
729	0.888285
730	0.658933
731	0.538944
732	1
733	0.66134
734	0.636631
735	0.668527
736	0.846802
737	1
738	0.552509
739	0.726901
740	0.884849
741	0.758936
742	0.833575
743	0.710873
744	0.791782
745	0.552045
746	0.558729
747	0.469902
748	0.549145
749	0.491224
750	0.805192
751	0.522741
752	0.626018
753	0.587291
754	0.884592
755	0.809794
756	0.609711
757	0.544685
758	0.422463
759	0.605314
760	0.536875
761	0.625796
762	1
763	0.538967
764	0.527787
765	0.931499
766	0.926129
767	0.954314
768	0.632062
769	0.942278
770	0.49876
771	0.493186
772	0.745241
773	0.583115
774	0.509138
775	1
776	0.852514
777	0.664364
778	0.712651
779	0.652242
780	0.71936
781	0.675769
782	0.555755
783	0.870387
784	0.857693
785	0.849321
786	0.587125
787	0.739392
788	0.463354
789	0.841586
790	0.505995
791	0.82877
792	0.710856
793	0.755989
794	0.844452
795	0.509424
796	0.394362
797	0.911032
798	0.442751
799	0.843661
800	0.846349
801	0.892783
802	0.563048
803	0.953994
804	0.435591
805	0.495847
806	0.507296
807	0.583125
808	0.88418
809	0.932455
810	0.851316
811	0.956477
812	0.855916
813	0.959674
814	1
815	0.636885
816	0.79495
817	0.63493
818	0.9461
819	0.854879
820	0.93867
821	0.711395
822	1
823	0.61473
824	0.901716
825	0.464916
826	0.727669
827	0.680591
828	0.703263
829	0.750918
830	0.712939
831	0.60675
832	0.813733
833	0.488729
834	0.629797
835	0.542261
836	0.752402
837	0.656994
838	0.497766
839	0.685823
840	0.476956
841	0.867312
842	0.976616
843	0.475852
844	0.66814
845	1
846	0.622033
847	0.570424
848	0.541041
849	1
850	0.874653
851	0.572287
852	0.838024
853	0.775223
854	0.511941
855	0.977684
856	0.909375
857	0.999962
858	0.884322
859	0.923568
860	0.68754
861	0.773282
862	0.531343
863	0.736712
864	0.481392
865	0.76943
866	0.828724
867	0.510013
868	0.661689
869	0.812923
870	0.497256
871	0.550781
872	0.604541
873	0.954075
874	0.743199
875	0.54402
876	0.883376
877	0.542995
878	0.561606
879	0.848964
880	0.50703
881	0.480364
882	0.547645
883	0.32412
884	0.887187
885	0.650528
886	0.616245
887	0.391335
888	0.97741
889	0.513584
890	0.699778
891	0.796592
892	0.550546
893	0.731731
894	0.513503
895	0.877397
896	0.464375
897	0.44813
898	0.842099
899	0.572808
900	0.794481
901	0.587941
902	0.630823
903	0.632761
904	0.813733
905	0.730211
906	0.743069
907	0.397079
908	0.604773
909	0.968502
910	0.608549
911	0.498251
912	0.773637
913	0.478765
914	0.990995
915	0.917487
916	0.600007
917	0.796545
918	0.806967
919	0.449765
920	0.876539
921	0.490786
922	0.567059
923	0.658992
924	0.461349
925	0.931846
926	0.894427
927	0.573136
928	0.861521
929	0.746233
930	0.58959
931	0.603091
932	0.583087
933	0.562826
934	0.436997
935	0.844581
936	0.532358
937	0.783839
938	0.542133
939	0.809744
940	0.519164
941	0.882646
942	0.635174
